Random_Total_Cost,Random_Solution,Hill_Climbing_Total_Cost,Hill_Climbing_Solution,Annealing_Total_Cost,Annealing_Solution,Genetic_Total_Cost,Genetic_Solution
670,"[5, 0, 9, 12, 11, 3, 10, 2, 5, 14, 10, 3, 1, 7, 7, 5, 10, 4, 5, 7, 4, 0, 4, 2, 0, 0, 0]",190,"[15, 11, 15, 11, 8, 4, 19, 18, 8, 3, 5, 0, 12, 1, 11, 6, 3, 4, 1, 4, 6, 0, 2, 1, 2, 1, 0]",185,"[22, 20, 13, 2, 17, 16, 14, 9, 2, 12, 11, 7, 0, 5, 7, 5, 2, 8, 1, 2, 4, 2, 2, 3, 2, 1, 0]",50,"[7, 25, 4, 14, 21, 6, 4, 1, 5, 0, 5, 10, 13, 2, 6, 8, 4, 2, 2, 7, 4, 3, 1, 0, 2, 1, 0]"
400,"[12, 21, 19, 18, 11, 19, 5, 3, 15, 17, 3, 2, 12, 7, 6, 7, 5, 2, 7, 0, 0, 1, 1, 3, 2, 1, 0]",190,"[4, 23, 8, 21, 13, 16, 18, 2, 14, 16, 8, 0, 11, 9, 10, 9, 0, 7, 4, 6, 0, 4, 3, 1, 2, 0, 0]",70,"[22, 7, 24, 21, 0, 4, 15, 18, 3, 10, 6, 13, 4, 7, 5, 8, 7, 0, 3, 4, 0, 4, 0, 1, 2, 1, 0]",60,"[0, 12, 8, 8, 16, 2, 5, 0, 14, 17, 10, 6, 5, 2, 8, 10, 5, 0, 0, 7, 4, 4, 0, 2, 2, 1, 0]"
390,"[7, 14, 6, 16, 21, 18, 5, 18, 5, 14, 11, 7, 3, 0, 9, 9, 8, 3, 2, 0, 3, 4, 1, 0, 1, 0, 0]",285,"[25, 0, 10, 17, 17, 15, 3, 10, 0, 2, 10, 7, 7, 2, 1, 11, 6, 5, 1, 4, 3, 3, 2, 1, 2, 0, 0]",80,"[4, 7, 19, 6, 16, 14, 20, 16, 9, 14, 13, 12, 11, 1, 6, 5, 3, 8, 2, 0, 5, 2, 4, 3, 2, 1, 0]",65,"[20, 8, 5, 21, 2, 18, 4, 11, 8, 9, 12, 6, 10, 6, 9, 6, 1, 7, 8, 4, 5, 1, 0, 3, 2, 1, 0]"
390,"[19, 5, 16, 2, 16, 7, 13, 6, 14, 5, 3, 1, 14, 6, 6, 1, 5, 1, 4, 6, 5, 2, 4, 3, 2, 1, 0]",280,"[17, 1, 0, 6, 14, 0, 17, 6, 4, 7, 11, 14, 2, 12, 3, 8, 0, 2, 8, 5, 6, 1, 0, 2, 2, 0, 0]",70,"[17, 9, 7, 7, 0, 16, 17, 18, 3, 6, 14, 4, 7, 4, 0, 3, 8, 5, 7, 0, 5, 5, 3, 1, 2, 1, 0]",55,"[4, 10, 16, 23, 14, 7, 3, 1, 6, 12, 6, 0, 12, 5, 4, 0, 5, 4, 1, 7, 0, 4, 2, 0, 2, 1, 0]"
300,"[13, 9, 14, 5, 1, 18, 0, 8, 10, 0, 8, 2, 10, 6, 12, 10, 9, 6, 3, 0, 6, 4, 0, 2, 1, 0, 0]",290,"[23, 12, 5, 0, 16, 7, 2, 14, 2, 2, 15, 1, 6, 11, 1, 8, 4, 9, 1, 2, 2, 0, 1, 3, 2, 1, 0]",60,"[6, 13, 19, 16, 22, 20, 7, 3, 2, 3, 5, 12, 12, 4, 8, 4, 7, 5, 8, 6, 3, 0, 2, 3, 2, 1, 0]",55,"[0, 5, 18, 12, 0, 14, 3, 11, 0, 4, 9, 8, 14, 7, 1, 4, 1, 5, 8, 5, 1, 5, 2, 3, 2, 1, 0]"
500,"[13, 17, 22, 12, 6, 5, 0, 14, 17, 3, 1, 2, 1, 10, 4, 10, 9, 3, 1, 1, 0, 2, 3, 0, 2, 1, 0]",315,"[10, 13, 19, 23, 17, 19, 10, 19, 8, 17, 2, 14, 8, 1, 7, 1, 9, 0, 2, 1, 1, 2, 3, 0, 0, 1, 0]",65,"[3, 18, 7, 17, 22, 6, 18, 0, 5, 9, 14, 4, 13, 9, 5, 0, 6, 8, 0, 1, 4, 5, 4, 0, 2, 1, 0]",60,"[8, 10, 3, 17, 3, 11, 12, 1, 8, 0, 14, 8, 10, 4, 7, 2, 4, 5, 7, 0, 4, 4, 2, 1, 2, 1, 0]"
490,"[9, 16, 12, 17, 18, 0, 19, 1, 15, 3, 7, 0, 13, 8, 4, 7, 7, 6, 7, 2, 1, 3, 4, 1, 0, 0, 0]",600,"[2, 16, 3, 9, 2, 9, 18, 19, 18, 15, 0, 4, 9, 1, 11, 8, 3, 0, 2, 4, 4, 0, 2, 2, 2, 0, 0]",60,"[20, 7, 23, 3, 15, 18, 3, 0, 6, 6, 13, 7, 11, 9, 0, 6, 3, 7, 8, 1, 3, 4, 2, 1, 2, 1, 0]",50,"[24, 0, 3, 19, 6, 15, 8, 4, 1, 12, 7, 0, 1, 3, 5, 4, 2, 3, 3, 7, 0, 3, 1, 0, 2, 1, 0]"
710,"[5, 25, 13, 1, 18, 21, 19, 18, 11, 4, 3, 5, 11, 1, 5, 10, 5, 5, 3, 5, 5, 4, 0, 1, 0, 0, 0]",185,"[16, 25, 4, 8, 12, 7, 0, 13, 11, 12, 8, 6, 3, 8, 6, 10, 10, 8, 8, 2, 3, 4, 0, 3, 2, 1, 0]",50,"[12, 19, 22, 8, 3, 20, 1, 4, 13, 10, 6, 8, 8, 6, 0, 4, 5, 0, 1, 6, 5, 5, 0, 2, 2, 1, 0]",65,"[4, 6, 16, 0, 21, 17, 20, 3, 7, 7, 0, 11, 7, 2, 12, 3, 0, 6, 7, 5, 2, 5, 0, 1, 2, 1, 0]"
1065,"[0, 24, 2, 4, 2, 1, 17, 2, 16, 5, 9, 5, 3, 4, 10, 1, 7, 2, 1, 2, 2, 0, 2, 0, 1, 1, 0]",90,"[15, 5, 12, 2, 6, 21, 12, 16, 13, 16, 15, 2, 8, 12, 6, 4, 0, 5, 0, 1, 2, 3, 1, 2, 2, 1, 0]",70,"[4, 23, 17, 14, 5, 9, 20, 4, 14, 7, 9, 3, 8, 10, 3, 4, 2, 5, 5, 0, 2, 1, 4, 2, 2, 1, 0]",45,"[14, 11, 3, 12, 3, 7, 5, 3, 1, 3, 0, 6, 9, 1, 2, 10, 1, 3, 7, 2, 0, 5, 4, 2, 2, 1, 0]"
680,"[4, 25, 22, 9, 22, 12, 0, 4, 2, 9, 5, 15, 1, 9, 5, 3, 2, 3, 5, 5, 4, 1, 0, 3, 1, 0, 0]",275,"[3, 4, 0, 1, 9, 16, 11, 7, 15, 4, 5, 14, 12, 4, 2, 10, 4, 5, 0, 5, 3, 4, 2, 3, 2, 0, 0]",75,"[10, 22, 1, 22, 19, 3, 4, 15, 1, 5, 7, 13, 5, 10, 7, 11, 0, 3, 4, 3, 0, 0, 4, 3, 2, 1, 0]",50,"[5, 13, 11, 1, 6, 4, 8, 4, 2, 15, 7, 0, 3, 12, 5, 6, 2, 3, 5, 3, 0, 3, 4, 1, 2, 1, 0]"
