Random_Total_Cost,Random_Solution,Hill_Climbing_Total_Cost,Hill_Climbing_Solution,Annealing_Total_Cost,Annealing_Solution,Genetic_Total_Cost,Genetic_Solution
995,"[0, 6, 10, 16, 11, 7, 10, 0, 0, 4, 4, 10, 11, 7, 11, 9, 8, 0, 7, 7, 3, 4, 3, 3, 2, 1, 0]",485,"[8, 21, 18, 20, 3, 13, 15, 8, 5, 17, 12, 8, 1, 3, 2, 4, 2, 7, 2, 1, 3, 4, 2, 3, 0, 0, 0]",50,"[9, 6, 14, 6, 0, 3, 2, 9, 1, 12, 5, 3, 10, 3, 4, 4, 10, 1, 1, 0, 5, 4, 0, 1, 2, 1, 0]",40,"[3, 6, 24, 0, 5, 4, 14, 2, 3, 8, 15, 4, 3, 5, 7, 7, 5, 3, 7, 2, 1, 5, 4, 0, 2, 1, 0]"
175,"[6, 15, 5, 5, 21, 17, 4, 5, 17, 11, 2, 13, 0, 13, 8, 6, 7, 8, 1, 6, 0, 0, 1, 3, 2, 1, 0]",600,"[13, 8, 2, 12, 19, 12, 18, 11, 6, 1, 13, 15, 6, 4, 4, 2, 6, 2, 7, 7, 6, 4, 0, 1, 2, 0, 0]",65,"[19, 6, 11, 19, 12, 15, 6, 0, 3, 7, 6, 14, 12, 7, 5, 6, 3, 0, 0, 3, 5, 0, 4, 1, 2, 1, 0]",65,"[23, 3, 7, 8, 6, 1, 12, 18, 9, 5, 11, 10, 7, 10, 8, 3, 1, 6, 6, 1, 0, 1, 4, 2, 2, 1, 0]"
720,"[16, 16, 9, 20, 22, 16, 11, 14, 15, 4, 16, 7, 9, 1, 3, 6, 3, 8, 0, 4, 4, 1, 4, 0, 0, 0, 0]",185,"[15, 14, 20, 6, 17, 5, 0, 9, 15, 3, 4, 15, 1, 6, 4, 9, 3, 6, 1, 6, 3, 1, 3, 2, 0, 1, 0]",175,"[11, 16, 7, 4, 14, 20, 3, 6, 2, 7, 15, 14, 4, 0, 2, 7, 10, 5, 7, 4, 2, 1, 0, 2, 2, 0, 0]",65,"[20, 17, 8, 18, 14, 1, 8, 6, 0, 10, 8, 14, 3, 6, 4, 3, 2, 0, 8, 4, 1, 3, 4, 0, 2, 1, 0]"
485,"[9, 2, 17, 0, 0, 21, 4, 12, 17, 11, 2, 1, 3, 13, 4, 6, 3, 8, 2, 4, 1, 1, 1, 2, 1, 0, 0]",285,"[14, 8, 2, 17, 19, 19, 17, 2, 14, 4, 0, 8, 6, 11, 9, 4, 1, 9, 0, 2, 1, 0, 1, 2, 2, 0, 0]",175,"[2, 14, 22, 8, 11, 6, 14, 16, 9, 11, 8, 4, 7, 2, 4, 5, 7, 4, 8, 4, 1, 1, 2, 0, 0, 1, 0]",55,"[3, 11, 6, 1, 8, 4, 3, 0, 10, 5, 3, 13, 6, 11, 4, 1, 10, 0, 7, 4, 1, 0, 1, 2, 2, 1, 0]"
290,"[26, 20, 6, 5, 10, 8, 0, 14, 9, 15, 5, 8, 9, 5, 12, 3, 10, 1, 1, 6, 5, 3, 2, 0, 1, 1, 0]",280,"[3, 3, 2, 9, 6, 20, 7, 14, 17, 11, 13, 6, 9, 13, 3, 3, 5, 8, 3, 7, 4, 1, 2, 3, 2, 0, 0]",175,"[11, 6, 24, 20, 13, 11, 13, 3, 16, 11, 10, 2, 1, 2, 6, 4, 3, 1, 0, 1, 3, 0, 1, 3, 1, 1, 0]",55,"[21, 0, 18, 7, 9, 16, 1, 14, 4, 9, 3, 11, 0, 4, 8, 0, 3, 5, 4, 3, 6, 2, 4, 0, 2, 1, 0]"
685,"[9, 17, 17, 8, 8, 20, 12, 5, 12, 4, 14, 6, 9, 5, 9, 11, 7, 6, 7, 1, 3, 5, 4, 2, 2, 1, 0]",380,"[24, 17, 3, 7, 16, 9, 6, 17, 9, 0, 8, 11, 11, 7, 6, 2, 1, 5, 3, 4, 2, 5, 2, 1, 0, 0, 0]",65,"[13, 2, 20, 17, 10, 4, 2, 4, 9, 6, 8, 4, 2, 6, 5, 10, 3, 7, 3, 2, 0, 0, 4, 2, 2, 1, 0]",60,"[5, 21, 8, 13, 1, 21, 19, 5, 1, 16, 11, 7, 9, 11, 4, 3, 4, 7, 8, 7, 2, 5, 1, 2, 2, 1, 0]"
395,"[22, 4, 13, 16, 19, 4, 14, 18, 6, 11, 16, 3, 3, 11, 11, 4, 0, 6, 4, 6, 3, 4, 0, 1, 2, 1, 0]",210,"[25, 22, 0, 11, 6, 18, 3, 19, 17, 2, 2, 0, 1, 2, 12, 11, 4, 1, 5, 4, 0, 5, 1, 3, 2, 1, 0]",75,"[10, 23, 1, 14, 11, 0, 12, 16, 3, 0, 8, 5, 10, 0, 5, 7, 5, 4, 5, 6, 4, 4, 0, 1, 2, 1, 0]",60,"[23, 6, 20, 7, 3, 2, 4, 16, 11, 16, 10, 7, 8, 0, 9, 9, 6, 5, 6, 7, 1, 5, 2, 0, 2, 1, 0]"
295,"[12, 9, 15, 6, 20, 16, 4, 1, 15, 11, 5, 0, 1, 9, 0, 1, 1, 6, 8, 6, 0, 4, 2, 0, 0, 1, 0]",375,"[10, 15, 12, 0, 1, 5, 4, 1, 9, 16, 12, 4, 14, 2, 7, 8, 5, 4, 4, 2, 3, 0, 0, 3, 0, 1, 0]",90,"[14, 1, 22, 13, 7, 12, 16, 10, 2, 10, 15, 3, 14, 7, 3, 9, 10, 4, 4, 3, 0, 2, 4, 0, 2, 1, 0]",55,"[23, 8, 0, 23, 3, 14, 5, 14, 0, 2, 7, 4, 8, 2, 5, 5, 2, 7, 1, 3, 6, 5, 3, 0, 2, 1, 0]"
1275,"[18, 4, 23, 2, 1, 2, 0, 9, 6, 14, 6, 14, 10, 8, 9, 5, 0, 6, 8, 1, 1, 0, 0, 3, 1, 0, 0]",180,"[24, 16, 21, 6, 2, 14, 11, 2, 1, 8, 7, 15, 10, 0, 8, 1, 6, 9, 0, 5, 1, 0, 2, 0, 2, 1, 0]",175,"[21, 25, 0, 17, 4, 15, 18, 9, 0, 9, 6, 9, 8, 12, 10, 7, 4, 2, 8, 3, 6, 2, 3, 1, 2, 1, 0]",70,"[25, 2, 21, 7, 21, 11, 3, 13, 6, 15, 5, 10, 13, 5, 9, 9, 7, 5, 7, 2, 0, 4, 0, 3, 2, 1, 0]"
375,"[23, 4, 15, 1, 3, 18, 14, 14, 16, 17, 11, 13, 4, 7, 9, 2, 7, 5, 4, 3, 2, 5, 4, 0, 2, 0, 0]",390,"[16, 10, 16, 1, 12, 16, 2, 7, 12, 6, 1, 11, 13, 3, 2, 9, 5, 3, 0, 1, 0, 4, 2, 3, 2, 0, 0]",70,"[8, 14, 24, 18, 3, 6, 16, 4, 0, 16, 10, 4, 9, 10, 6, 5, 0, 9, 6, 2, 4, 2, 0, 1, 2, 1, 0]",50,"[4, 15, 1, 14, 3, 0, 14, 16, 4, 7, 2, 6, 3, 5, 7, 4, 8, 1, 4, 6, 1, 4, 0, 1, 2, 1, 0]"
700,"[0, 5, 0, 7, 3, 11, 8, 16, 17, 17, 4, 4, 11, 11, 9, 10, 1, 7, 3, 7, 4, 5, 3, 3, 0, 1, 0]",195,"[22, 8, 22, 7, 12, 21, 11, 9, 5, 11, 16, 13, 3, 11, 2, 0, 3, 5, 8, 4, 3, 4, 2, 3, 2, 1, 0]",175,"[24, 2, 6, 6, 4, 12, 19, 18, 13, 16, 12, 14, 0, 2, 5, 7, 6, 3, 7, 2, 3, 5, 4, 1, 0, 1, 0]",50,"[3, 12, 7, 0, 20, 8, 18, 2, 10, 5, 4, 0, 7, 5, 3, 4, 3, 0, 8, 6, 2, 0, 1, 2, 2, 1, 0]"
610,"[7, 17, 11, 0, 13, 18, 10, 11, 12, 1, 10, 3, 1, 9, 10, 11, 5, 3, 8, 0, 4, 3, 0, 0, 0, 0, 0]",170,"[8, 11, 13, 0, 7, 5, 14, 8, 0, 4, 14, 15, 6, 12, 0, 2, 1, 3, 2, 1, 4, 0, 1, 3, 0, 1, 0]",65,"[7, 9, 1, 5, 22, 20, 18, 15, 11, 4, 0, 8, 8, 5, 7, 3, 5, 4, 7, 4, 2, 3, 4, 1, 2, 1, 0]",60,"[8, 25, 3, 6, 0, 7, 2, 13, 8, 16, 10, 7, 7, 12, 5, 3, 0, 4, 3, 0, 4, 5, 3, 0, 2, 1, 0]"
385,"[14, 11, 22, 1, 18, 17, 5, 3, 8, 7, 5, 10, 1, 8, 1, 0, 9, 3, 3, 1, 6, 1, 4, 0, 1, 1, 0]",185,"[21, 25, 8, 6, 20, 3, 5, 12, 10, 17, 13, 1, 13, 4, 7, 11, 4, 8, 6, 7, 5, 2, 4, 1, 2, 0, 0]",80,"[14, 8, 21, 19, 18, 7, 7, 16, 12, 15, 4, 7, 10, 0, 8, 6, 7, 2, 8, 1, 2, 1, 2, 0, 2, 1, 0]",55,"[0, 20, 13, 4, 11, 5, 1, 5, 18, 13, 8, 5, 5, 1, 7, 5, 3, 8, 0, 4, 2, 5, 2, 0, 2, 1, 0]"
680,"[0, 19, 22, 17, 1, 3, 16, 17, 0, 6, 10, 15, 5, 5, 10, 6, 3, 7, 0, 5, 1, 0, 2, 0, 1, 1, 0]",190,"[9, 3, 20, 19, 7, 21, 8, 10, 14, 12, 5, 11, 2, 8, 6, 11, 6, 7, 2, 7, 4, 2, 0, 1, 2, 1, 0]",85,"[22, 0, 15, 20, 17, 15, 6, 3, 10, 17, 11, 0, 1, 13, 9, 7, 2, 0, 2, 6, 1, 1, 0, 3, 2, 1, 0]",50,"[4, 13, 19, 0, 3, 5, 15, 2, 11, 7, 10, 4, 1, 2, 4, 11, 2, 4, 8, 4, 6, 5, 3, 1, 2, 1, 0]"
805,"[7, 19, 19, 13, 6, 0, 13, 11, 6, 14, 8, 0, 10, 3, 1, 2, 7, 1, 2, 1, 1, 0, 1, 3, 0, 1, 0]",280,"[5, 19, 14, 1, 16, 7, 19, 7, 0, 1, 12, 11, 6, 9, 5, 8, 0, 4, 1, 0, 0, 1, 4, 0, 2, 0, 0]",185,"[2, 22, 22, 23, 21, 5, 9, 10, 0, 10, 4, 8, 6, 12, 2, 11, 5, 2, 6, 3, 5, 5, 2, 3, 2, 1, 0]",50,"[1, 16, 8, 6, 14, 3, 20, 2, 14, 7, 5, 1, 9, 3, 7, 5, 3, 2, 0, 7, 5, 0, 4, 1, 2, 1, 0]"
510,"[22, 18, 12, 17, 2, 18, 19, 13, 9, 8, 13, 14, 11, 13, 6, 0, 4, 7, 6, 4, 6, 0, 1, 2, 1, 0, 0]",395,"[5, 6, 16, 13, 18, 4, 4, 14, 9, 12, 0, 5, 4, 13, 11, 10, 9, 7, 2, 1, 0, 0, 4, 0, 0, 1, 0]",155,"[13, 6, 4, 14, 15, 5, 18, 3, 1, 8, 1, 9, 12, 5, 0, 0, 3, 5, 2, 3, 1, 5, 0, 3, 0, 1, 0]",45,"[5, 0, 13, 14, 0, 18, 12, 2, 5, 4, 3, 1, 6, 2, 5, 5, 3, 2, 3, 0, 6, 2, 4, 1, 2, 1, 0]"
705,"[0, 17, 17, 9, 3, 14, 14, 9, 15, 2, 11, 15, 8, 10, 5, 3, 4, 3, 4, 6, 0, 5, 2, 0, 1, 0, 0]",200,"[0, 7, 21, 15, 8, 12, 8, 18, 15, 12, 11, 14, 13, 12, 9, 9, 3, 1, 2, 7, 4, 0, 3, 2, 2, 0, 0]",170,"[7, 4, 4, 20, 5, 17, 0, 16, 17, 16, 14, 12, 2, 9, 6, 4, 9, 7, 6, 0, 3, 2, 3, 0, 2, 1, 0]",70,"[1, 17, 21, 0, 4, 14, 2, 10, 7, 3, 15, 9, 5, 13, 11, 5, 1, 4, 1, 0, 5, 0, 1, 2, 2, 1, 0]"
610,"[2, 9, 15, 12, 21, 1, 18, 18, 0, 15, 0, 5, 12, 1, 4, 8, 8, 0, 3, 7, 1, 0, 4, 2, 0, 0, 0]",410,"[15, 12, 8, 23, 18, 2, 19, 17, 16, 16, 7, 6, 14, 3, 6, 2, 6, 0, 4, 2, 6, 1, 2, 3, 0, 0, 0]",75,"[7, 4, 12, 21, 2, 15, 16, 15, 2, 0, 14, 10, 9, 2, 0, 1, 7, 2, 0, 5, 4, 3, 4, 1, 2, 1, 0]",65,"[9, 13, 4, 16, 7, 3, 3, 2, 5, 5, 12, 3, 5, 13, 8, 0, 8, 6, 7, 0, 1, 0, 4, 2, 2, 1, 0]"
610,"[3, 9, 19, 23, 11, 10, 15, 0, 8, 11, 14, 9, 14, 3, 8, 8, 3, 1, 1, 3, 3, 0, 2, 0, 1, 1, 0]",190,"[15, 0, 13, 14, 9, 16, 7, 1, 4, 9, 11, 12, 1, 11, 12, 10, 0, 5, 3, 1, 0, 3, 4, 2, 2, 0, 0]",85,"[6, 22, 5, 7, 12, 21, 6, 19, 10, 12, 4, 6, 13, 5, 2, 8, 4, 6, 4, 7, 0, 1, 0, 2, 2, 1, 0]",60,"[25, 9, 6, 3, 1, 19, 11, 18, 1, 8, 5, 12, 5, 9, 2, 3, 6, 5, 1, 5, 6, 4, 2, 0, 2, 1, 0]"
395,"[24, 23, 12, 19, 1, 3, 7, 9, 0, 11, 14, 5, 11, 8, 1, 5, 3, 3, 3, 7, 6, 4, 4, 0, 2, 1, 0]",195,"[21, 2, 20, 9, 12, 21, 7, 19, 12, 3, 7, 15, 1, 6, 10, 5, 10, 9, 8, 3, 2, 5, 2, 3, 1, 0, 0]",75,"[0, 4, 14, 23, 3, 17, 6, 16, 4, 6, 15, 3, 4, 5, 7, 11, 6, 7, 2, 5, 3, 4, 2, 1, 2, 1, 0]",45,"[20, 14, 5, 17, 19, 7, 3, 2, 6, 7, 10, 0, 2, 4, 8, 5, 2, 4, 8, 2, 4, 0, 4, 3, 2, 1, 0]"
465,"[15, 3, 10, 2, 20, 5, 0, 3, 4, 11, 7, 11, 3, 8, 4, 2, 6, 8, 6, 1, 3, 3, 4, 3, 0, 1, 0]",95,"[18, 22, 12, 0, 18, 3, 13, 18, 10, 8, 0, 6, 12, 6, 10, 0, 8, 3, 8, 5, 2, 5, 1, 2, 2, 1, 0]",70,"[19, 7, 21, 7, 16, 9, 2, 18, 14, 6, 14, 2, 10, 5, 6, 1, 7, 6, 8, 6, 1, 5, 3, 0, 2, 1, 0]",45,"[8, 10, 1, 2, 19, 5, 4, 18, 1, 16, 4, 9, 12, 5, 8, 5, 3, 6, 7, 6, 2, 2, 4, 1, 2, 1, 0]"
800,"[7, 15, 10, 0, 3, 7, 18, 15, 11, 13, 11, 14, 5, 6, 10, 8, 9, 0, 5, 4, 4, 3, 2, 3, 2, 0, 0]",180,"[26, 11, 13, 23, 8, 9, 13, 3, 0, 7, 3, 14, 14, 13, 0, 7, 5, 4, 4, 0, 3, 1, 4, 0, 2, 0, 0]",155,"[8, 5, 12, 16, 6, 0, 15, 2, 12, 5, 10, 8, 13, 4, 6, 0, 5, 8, 6, 4, 3, 2, 0, 1, 1, 1, 0]",50,"[6, 2, 3, 18, 5, 15, 3, 16, 4, 3, 11, 7, 4, 13, 0, 1, 5, 2, 6, 5, 1, 0, 4, 1, 2, 1, 0]"
410,"[14, 8, 17, 23, 15, 20, 8, 18, 4, 1, 16, 14, 8, 10, 3, 2, 2, 4, 1, 6, 5, 5, 0, 0, 0, 1, 0]",380,"[8, 23, 13, 20, 17, 7, 6, 11, 12, 0, 9, 7, 14, 2, 5, 3, 5, 4, 3, 6, 4, 1, 3, 2, 0, 0, 0]",70,"[22, 2, 6, 13, 12, 16, 2, 1, 11, 0, 3, 2, 0, 2, 1, 10, 2, 1, 7, 3, 0, 5, 1, 3, 2, 1, 0]",60,"[22, 2, 18, 14, 2, 12, 5, 8, 3, 10, 12, 5, 5, 0, 3, 0, 4, 5, 5, 1, 6, 5, 0, 2, 2, 1, 0]"
275,"[22, 7, 12, 9, 7, 21, 0, 14, 6, 17, 10, 15, 5, 9, 0, 3, 5, 7, 7, 1, 1, 0, 2, 1, 2, 1, 0]",290,"[15, 24, 12, 9, 7, 13, 6, 5, 4, 16, 5, 5, 2, 13, 11, 11, 9, 7, 7, 3, 1, 2, 0, 1, 2, 1, 0]",155,"[1, 25, 1, 6, 13, 21, 12, 5, 3, 12, 5, 10, 4, 6, 0, 3, 4, 6, 3, 1, 0, 3, 0, 1, 2, 1, 0]",50,"[8, 1, 23, 3, 14, 10, 5, 1, 2, 16, 8, 6, 6, 7, 9, 0, 2, 5, 5, 2, 0, 4, 2, 3, 2, 1, 0]"
670,"[26, 19, 17, 5, 5, 1, 3, 16, 18, 10, 13, 5, 10, 12, 7, 8, 6, 7, 7, 0, 6, 1, 1, 1, 0, 1, 0]",180,"[22, 5, 8, 15, 1, 20, 13, 8, 14, 3, 1, 4, 8, 5, 3, 3, 8, 7, 1, 2, 4, 1, 4, 0, 0, 1, 0]",180,"[12, 23, 17, 1, 4, 7, 3, 9, 11, 13, 0, 12, 3, 4, 4, 11, 2, 3, 2, 1, 0, 3, 4, 0, 2, 1, 0]",45,"[13, 5, 8, 22, 6, 1, 3, 0, 4, 9, 4, 14, 9, 2, 4, 2, 5, 8, 8, 6, 3, 5, 1, 3, 2, 1, 0]"
995,"[14, 5, 5, 10, 20, 20, 19, 12, 16, 4, 0, 5, 8, 1, 9, 0, 7, 6, 0, 6, 5, 3, 2, 2, 1, 1, 0]",390,"[1, 4, 19, 18, 22, 21, 12, 15, 17, 8, 5, 7, 4, 2, 12, 2, 4, 6, 6, 5, 2, 4, 1, 3, 2, 0, 0]",155,"[5, 14, 8, 1, 6, 8, 2, 13, 16, 0, 10, 4, 6, 3, 5, 10, 10, 4, 4, 1, 0, 4, 2, 0, 2, 1, 0]",65,"[16, 23, 4, 17, 7, 0, 20, 1, 5, 11, 14, 4, 14, 5, 8, 4, 9, 7, 7, 4, 2, 5, 3, 0, 2, 1, 0]"
670,"[20, 20, 16, 6, 5, 1, 5, 10, 2, 8, 12, 5, 4, 9, 1, 4, 3, 5, 1, 1, 0, 1, 4, 3, 0, 0, 0]",295,"[10, 10, 14, 10, 5, 6, 10, 9, 5, 16, 4, 15, 12, 8, 9, 5, 4, 9, 8, 7, 4, 4, 1, 0, 2, 1, 0]",165,"[8, 0, 21, 3, 0, 10, 11, 0, 1, 9, 12, 13, 7, 1, 10, 2, 9, 5, 4, 1, 2, 0, 1, 3, 1, 0, 0]",55,"[13, 16, 1, 4, 15, 6, 13, 0, 3, 5, 10, 15, 14, 6, 4, 4, 2, 6, 4, 3, 6, 1, 4, 2, 2, 1, 0]"
715,"[3, 18, 24, 19, 9, 20, 8, 19, 13, 14, 12, 3, 6, 4, 7, 2, 2, 7, 3, 1, 3, 0, 0, 3, 1, 0, 0]",155,"[21, 20, 1, 4, 9, 15, 10, 6, 0, 7, 2, 6, 3, 7, 0, 0, 2, 3, 6, 2, 0, 5, 4, 2, 2, 1, 0]",80,"[26, 7, 23, 0, 19, 7, 5, 9, 14, 2, 6, 8, 10, 13, 8, 11, 6, 1, 2, 0, 6, 5, 0, 1, 2, 1, 0]",45,"[17, 24, 8, 9, 6, 1, 2, 16, 1, 8, 2, 0, 6, 2, 5, 2, 1, 4, 3, 0, 5, 4, 0, 1, 2, 1, 0]"
905,"[12, 1, 17, 4, 12, 17, 18, 5, 18, 14, 5, 5, 1, 10, 10, 2, 1, 3, 6, 5, 0, 0, 1, 1, 1, 0, 0]",190,"[1, 11, 16, 10, 15, 9, 14, 12, 1, 8, 4, 13, 5, 10, 8, 8, 6, 3, 0, 1, 6, 0, 2, 1, 2, 0, 0]",80,"[2, 20, 4, 20, 22, 13, 13, 4, 0, 9, 14, 11, 9, 3, 12, 8, 0, 4, 8, 5, 6, 2, 0, 3, 2, 1, 0]",35,"[4, 0, 8, 16, 0, 4, 3, 18, 2, 1, 3, 8, 4, 7, 2, 7, 4, 2, 6, 2, 3, 5, 3, 0, 2, 1, 0]"
690,"[0, 3, 13, 20, 5, 11, 12, 18, 6, 14, 4, 2, 9, 8, 8, 7, 7, 1, 8, 7, 1, 3, 4, 3, 0, 0, 0]",205,"[20, 23, 14, 3, 3, 13, 6, 10, 11, 5, 7, 15, 11, 12, 2, 11, 9, 8, 2, 6, 0, 2, 0, 1, 2, 1, 0]",50,"[12, 24, 15, 5, 7, 2, 8, 0, 4, 15, 5, 9, 5, 4, 1, 10, 4, 3, 0, 2, 5, 1, 3, 0, 2, 1, 0]",55,"[6, 3, 1, 1, 16, 18, 15, 19, 2, 11, 1, 5, 6, 1, 0, 4, 6, 1, 3, 4, 5, 4, 3, 1, 2, 1, 0]"
500,"[11, 2, 19, 10, 4, 13, 5, 14, 10, 1, 9, 2, 1, 12, 12, 7, 8, 5, 7, 4, 6, 0, 0, 3, 2, 0, 0]",295,"[8, 5, 14, 12, 20, 4, 13, 11, 10, 2, 11, 13, 9, 11, 3, 7, 1, 5, 1, 0, 0, 2, 0, 3, 0, 1, 0]",60,"[1, 20, 6, 6, 10, 18, 5, 4, 15, 15, 10, 12, 7, 5, 2, 4, 6, 5, 6, 0, 4, 5, 2, 0, 2, 1, 0]",60,"[25, 2, 8, 13, 0, 16, 12, 0, 9, 6, 8, 10, 7, 10, 6, 9, 5, 0, 5, 1, 3, 3, 4, 2, 2, 1, 0]"
595,"[15, 14, 6, 18, 2, 15, 8, 17, 15, 2, 10, 9, 3, 9, 9, 4, 1, 3, 0, 3, 4, 1, 1, 2, 2, 0, 0]",185,"[21, 8, 16, 7, 15, 16, 18, 4, 14, 10, 6, 12, 7, 13, 0, 2, 1, 9, 3, 1, 6, 5, 4, 2, 0, 1, 0]",185,"[17, 7, 24, 23, 3, 6, 17, 7, 13, 16, 9, 3, 5, 2, 3, 3, 10, 0, 8, 5, 3, 3, 1, 0, 1, 1, 0]",60,"[16, 7, 11, 14, 5, 19, 6, 19, 1, 5, 9, 1, 11, 10, 6, 6, 5, 4, 2, 6, 0, 5, 2, 0, 2, 1, 0]"
505,"[9, 14, 10, 20, 10, 7, 11, 10, 3, 6, 0, 9, 10, 2, 12, 6, 8, 3, 8, 2, 4, 3, 2, 0, 2, 0, 0]",270,"[13, 17, 10, 8, 12, 3, 8, 6, 11, 6, 15, 2, 0, 5, 9, 4, 1, 4, 5, 4, 1, 0, 4, 1, 0, 1, 0]",75,"[4, 2, 8, 23, 9, 7, 18, 19, 4, 11, 12, 1, 14, 11, 8, 4, 6, 8, 0, 5, 4, 1, 4, 2, 2, 1, 0]",50,"[21, 5, 1, 18, 4, 2, 19, 1, 4, 0, 5, 6, 0, 7, 3, 11, 1, 5, 1, 6, 4, 2, 4, 0, 2, 1, 0]"
775,"[23, 8, 3, 3, 2, 19, 5, 0, 4, 17, 15, 4, 7, 11, 10, 7, 3, 3, 1, 7, 5, 0, 0, 0, 1, 1, 0]",585,"[8, 14, 16, 0, 10, 12, 12, 12, 5, 6, 1, 1, 2, 11, 7, 1, 7, 6, 1, 2, 3, 0, 3, 1, 0, 0, 0]",80,"[23, 4, 12, 15, 6, 3, 10, 16, 18, 13, 2, 4, 7, 0, 5, 3, 8, 6, 3, 0, 4, 4, 3, 2, 2, 1, 0]",50,"[2, 17, 3, 15, 19, 0, 1, 16, 5, 7, 10, 2, 3, 10, 6, 6, 3, 5, 3, 7, 0, 5, 1, 2, 2, 1, 0]"
700,"[24, 14, 12, 7, 3, 3, 9, 15, 18, 9, 0, 13, 8, 6, 6, 9, 9, 1, 7, 2, 3, 0, 3, 3, 2, 0, 0]",290,"[14, 11, 18, 2, 15, 16, 17, 0, 18, 0, 1, 5, 12, 6, 5, 4, 6, 5, 0, 5, 0, 2, 0, 0, 2, 1, 0]",80,"[6, 23, 20, 21, 4, 2, 3, 15, 14, 12, 7, 2, 14, 2, 9, 10, 0, 7, 5, 6, 0, 3, 2, 0, 2, 1, 0]",45,"[12, 3, 6, 5, 15, 4, 4, 1, 16, 8, 14, 6, 6, 5, 1, 2, 0, 5, 3, 7, 1, 4, 1, 2, 2, 1, 0]"
390,"[14, 2, 17, 14, 7, 0, 14, 17, 9, 4, 7, 1, 14, 0, 5, 9, 5, 1, 7, 6, 1, 4, 0, 2, 0, 0, 0]",390,"[12, 25, 11, 20, 18, 3, 2, 3, 16, 12, 8, 14, 2, 1, 3, 6, 10, 1, 6, 7, 1, 5, 2, 3, 0, 0, 0]",45,"[25, 1, 8, 2, 13, 20, 0, 2, 5, 13, 8, 9, 10, 7, 4, 3, 5, 6, 1, 7, 0, 1, 4, 2, 2, 1, 0]",60,"[17, 3, 1, 2, 4, 13, 7, 9, 18, 2, 15, 6, 14, 6, 7, 0, 4, 5, 1, 7, 5, 5, 3, 0, 2, 1, 0]"
385,"[13, 21, 8, 9, 12, 6, 11, 18, 4, 2, 11, 1, 14, 5, 8, 6, 3, 0, 3, 2, 6, 3, 3, 1, 1, 0, 0]",175,"[6, 9, 12, 23, 5, 6, 12, 1, 16, 4, 9, 12, 0, 7, 2, 11, 2, 2, 7, 6, 2, 3, 2, 1, 2, 1, 0]",75,"[23, 7, 0, 3, 12, 18, 11, 8, 15, 10, 7, 8, 11, 2, 9, 7, 6, 2, 6, 2, 0, 3, 4, 0, 2, 1, 0]",45,"[19, 5, 7, 4, 20, 6, 0, 16, 3, 10, 16, 1, 2, 8, 5, 2, 5, 6, 5, 2, 6, 4, 2, 0, 2, 1, 0]"
805,"[22, 10, 10, 1, 21, 21, 16, 19, 7, 17, 7, 6, 0, 1, 7, 1, 5, 7, 5, 2, 3, 3, 2, 3, 1, 0, 0]",70,"[13, 5, 19, 6, 15, 2, 1, 19, 2, 13, 11, 10, 5, 1, 2, 4, 8, 6, 4, 6, 3, 5, 0, 3, 2, 1, 0]",65,"[18, 2, 3, 13, 22, 12, 11, 1, 15, 11, 9, 8, 8, 7, 4, 5, 2, 8, 3, 4, 5, 4, 2, 3, 2, 1, 0]",65,"[1, 23, 6, 7, 5, 1, 13, 3, 8, 10, 12, 2, 4, 6, 11, 9, 4, 3, 8, 5, 4, 1, 2, 3, 2, 1, 0]"
390,"[25, 18, 4, 19, 1, 17, 15, 6, 13, 6, 2, 12, 7, 2, 1, 8, 1, 3, 1, 2, 6, 2, 3, 2, 1, 1, 0]",280,"[4, 13, 4, 8, 5, 2, 12, 6, 3, 13, 1, 12, 11, 10, 8, 5, 3, 4, 3, 2, 4, 2, 3, 1, 2, 0, 0]",55,"[4, 7, 13, 21, 19, 4, 3, 0, 5, 16, 1, 6, 8, 5, 0, 3, 4, 6, 0, 6, 2, 3, 1, 0, 2, 1, 0]",60,"[2, 8, 5, 20, 2, 5, 12, 3, 17, 10, 12, 1, 8, 10, 3, 9, 2, 4, 8, 4, 1, 5, 1, 3, 2, 1, 0]"
585,"[23, 3, 3, 8, 8, 5, 4, 15, 7, 5, 7, 7, 5, 2, 9, 1, 3, 3, 8, 5, 0, 2, 4, 0, 1, 0, 0]",255,"[0, 2, 4, 3, 9, 8, 0, 2, 7, 11, 13, 1, 5, 2, 4, 3, 10, 0, 0, 4, 6, 3, 4, 2, 2, 0, 0]",80,"[5, 17, 18, 7, 10, 12, 11, 19, 16, 0, 11, 9, 8, 5, 3, 4, 8, 1, 5, 0, 2, 5, 2, 3, 2, 1, 0]",70,"[22, 6, 1, 19, 1, 9, 15, 8, 5, 10, 7, 5, 14, 6, 11, 0, 2, 7, 0, 6, 2, 5, 0, 3, 2, 1, 0]"
665,"[21, 19, 15, 5, 5, 9, 7, 5, 3, 6, 5, 8, 4, 7, 1, 11, 7, 4, 4, 3, 1, 1, 0, 2, 0, 0, 0]",285,"[17, 8, 1, 16, 16, 8, 20, 6, 8, 9, 11, 1, 11, 7, 0, 2, 4, 8, 2, 1, 5, 1, 2, 3, 0, 1, 0]",75,"[15, 1, 20, 4, 11, 16, 0, 10, 3, 10, 7, 14, 5, 13, 8, 7, 6, 8, 1, 4, 6, 2, 4, 3, 2, 1, 0]",55,"[23, 5, 1, 6, 15, 19, 17, 2, 0, 8, 5, 3, 12, 4, 6, 0, 3, 6, 7, 0, 6, 5, 3, 0, 2, 1, 0]"
390,"[16, 25, 2, 6, 5, 0, 18, 19, 3, 5, 15, 12, 3, 12, 2, 9, 4, 1, 3, 4, 5, 0, 4, 1, 2, 0, 0]",200,"[10, 14, 18, 12, 7, 9, 7, 3, 18, 17, 11, 7, 11, 10, 4, 10, 8, 2, 3, 1, 2, 1, 4, 2, 2, 0, 0]",70,"[1, 16, 19, 19, 13, 0, 3, 13, 10, 4, 1, 7, 10, 7, 1, 5, 4, 1, 6, 1, 3, 4, 3, 2, 2, 1, 0]",60,"[23, 7, 19, 18, 6, 21, 18, 5, 1, 9, 6, 12, 8, 9, 6, 6, 10, 7, 1, 5, 2, 1, 2, 0, 2, 1, 0]"
890,"[11, 10, 10, 8, 13, 0, 8, 9, 1, 13, 13, 9, 13, 9, 7, 6, 5, 8, 4, 1, 2, 3, 1, 3, 2, 0, 0]",175,"[7, 9, 4, 20, 0, 12, 18, 17, 0, 5, 10, 3, 7, 8, 2, 1, 9, 8, 0, 2, 4, 3, 0, 1, 1, 0, 0]",85,"[2, 3, 19, 23, 5, 8, 14, 17, 10, 14, 5, 12, 1, 9, 7, 10, 0, 5, 2, 4, 3, 5, 2, 0, 2, 1, 0]",60,"[26, 8, 21, 19, 2, 6, 2, 7, 0, 17, 10, 4, 2, 4, 3, 5, 0, 2, 4, 0, 3, 2, 3, 1, 2, 1, 0]"
700,"[13, 1, 4, 4, 7, 2, 11, 1, 15, 10, 14, 14, 12, 5, 10, 9, 0, 7, 1, 1, 0, 4, 2, 2, 0, 0, 0]",85,"[13, 25, 15, 7, 14, 13, 5, 7, 18, 6, 2, 3, 0, 12, 2, 0, 7, 3, 3, 0, 2, 4, 3, 2, 2, 1, 0]",75,"[22, 3, 19, 8, 0, 7, 6, 15, 10, 11, 4, 8, 8, 12, 10, 7, 4, 5, 1, 7, 4, 4, 0, 1, 2, 1, 0]",55,"[2, 18, 8, 9, 6, 1, 1, 10, 4, 0, 8, 4, 14, 7, 2, 3, 5, 8, 6, 3, 4, 4, 0, 3, 2, 1, 0]"
600,"[8, 10, 14, 19, 19, 19, 5, 10, 2, 4, 0, 7, 3, 11, 0, 0, 10, 0, 4, 0, 2, 3, 3, 2, 2, 1, 0]",785,"[6, 20, 19, 14, 1, 14, 13, 10, 1, 4, 3, 2, 12, 5, 2, 4, 6, 3, 5, 4, 3, 0, 0, 0, 2, 0, 0]",80,"[4, 18, 6, 6, 22, 17, 6, 10, 17, 17, 11, 2, 9, 7, 11, 4, 8, 6, 6, 0, 2, 5, 4, 3, 2, 1, 0]",60,"[8, 21, 9, 3, 22, 2, 15, 1, 8, 7, 4, 12, 6, 4, 9, 0, 4, 6, 8, 5, 4, 2, 4, 0, 2, 1, 0]"
705,"[7, 6, 14, 10, 21, 18, 10, 8, 13, 1, 1, 1, 5, 4, 12, 6, 1, 1, 3, 1, 5, 3, 1, 0, 1, 1, 0]",295,"[20, 23, 7, 10, 17, 0, 7, 9, 3, 0, 3, 9, 5, 1, 8, 8, 9, 9, 1, 5, 6, 2, 0, 1, 0, 1, 0]",80,"[12, 16, 8, 17, 7, 14, 11, 4, 1, 17, 11, 9, 14, 7, 12, 1, 5, 2, 8, 4, 6, 3, 0, 2, 2, 1, 0]",50,"[2, 18, 6, 19, 3, 5, 0, 12, 4, 5, 8, 1, 3, 6, 10, 5, 4, 9, 7, 3, 1, 0, 1, 2, 2, 1, 0]"
475,"[5, 21, 6, 7, 14, 9, 3, 18, 17, 1, 9, 11, 6, 9, 1, 4, 4, 0, 0, 1, 2, 4, 1, 2, 1, 1, 0]",85,"[18, 24, 4, 2, 10, 3, 6, 5, 0, 1, 15, 11, 0, 12, 9, 0, 8, 6, 0, 1, 3, 4, 0, 3, 2, 1, 0]",80,"[2, 19, 15, 5, 20, 1, 16, 13, 2, 16, 5, 8, 6, 13, 3, 5, 9, 0, 5, 6, 2, 1, 4, 3, 2, 1, 0]",40,"[5, 2, 6, 23, 3, 5, 13, 2, 3, 8, 15, 5, 3, 8, 12, 6, 2, 4, 7, 6, 4, 4, 1, 3, 2, 1, 0]"
685,"[11, 25, 10, 1, 8, 18, 10, 4, 6, 6, 8, 4, 13, 5, 3, 2, 9, 7, 0, 2, 0, 3, 3, 3, 2, 0, 0]",195,"[14, 4, 10, 4, 9, 12, 18, 9, 11, 8, 4, 1, 12, 13, 12, 9, 3, 6, 2, 3, 0, 4, 3, 0, 2, 1, 0]",265,"[8, 9, 4, 18, 13, 15, 4, 6, 14, 11, 9, 15, 3, 6, 7, 6, 0, 1, 3, 6, 0, 5, 0, 1, 1, 0, 0]",50,"[26, 11, 6, 20, 10, 5, 0, 6, 3, 8, 6, 1, 0, 7, 5, 4, 8, 3, 3, 6, 2, 2, 4, 0, 2, 1, 0]"
575,"[2, 10, 11, 13, 7, 21, 3, 0, 4, 15, 11, 13, 11, 9, 6, 5, 7, 7, 1, 7, 2, 1, 0, 1, 2, 1, 0]",185,"[3, 22, 8, 21, 5, 17, 20, 14, 4, 3, 7, 9, 1, 6, 4, 11, 10, 1, 2, 0, 5, 2, 1, 3, 0, 1, 0]",160,"[21, 20, 14, 8, 9, 21, 4, 1, 6, 5, 1, 9, 5, 5, 3, 2, 5, 3, 1, 4, 0, 5, 4, 0, 2, 1, 0]",45,"[23, 6, 0, 3, 10, 5, 1, 2, 12, 6, 12, 3, 6, 1, 3, 4, 2, 9, 6, 2, 3, 1, 4, 0, 2, 1, 0]"
880,"[18, 18, 4, 17, 12, 2, 1, 1, 8, 3, 11, 15, 10, 10, 10, 7, 1, 7, 8, 1, 1, 3, 1, 0, 0, 1, 0]",390,"[22, 11, 11, 0, 21, 0, 19, 12, 18, 14, 11, 8, 10, 13, 6, 8, 7, 6, 4, 1, 6, 3, 1, 0, 1, 0, 0]",170,"[11, 24, 7, 8, 11, 2, 9, 4, 4, 6, 5, 12, 13, 3, 7, 5, 4, 3, 6, 0, 5, 2, 3, 1, 2, 1, 0]",60,"[4, 6, 17, 18, 1, 21, 0, 14, 8, 5, 9, 0, 1, 5, 8, 5, 10, 4, 8, 6, 3, 3, 1, 0, 2, 1, 0]"
190,"[21, 20, 7, 17, 16, 10, 10, 4, 7, 5, 12, 2, 1, 5, 12, 5, 0, 6, 0, 3, 3, 5, 3, 1, 2, 1, 0]",180,"[5, 11, 13, 16, 8, 2, 18, 12, 4, 14, 12, 0, 8, 1, 0, 0, 6, 5, 0, 3, 4, 3, 1, 0, 2, 0, 0]",75,"[1, 23, 3, 9, 3, 6, 15, 0, 9, 5, 9, 0, 12, 7, 4, 10, 8, 7, 6, 0, 3, 3, 1, 2, 2, 1, 0]",55,"[8, 3, 15, 23, 1, 16, 4, 19, 2, 6, 13, 10, 7, 4, 2, 3, 0, 6, 7, 4, 2, 1, 4, 2, 2, 1, 0]"
580,"[23, 1, 8, 12, 13, 17, 6, 6, 2, 16, 5, 4, 7, 4, 4, 11, 7, 8, 0, 0, 5, 2, 4, 1, 2, 0, 0]",605,"[12, 19, 3, 23, 2, 13, 11, 12, 12, 1, 12, 8, 6, 1, 5, 6, 9, 7, 0, 6, 1, 2, 1, 1, 0, 0, 0]",75,"[25, 13, 8, 7, 2, 13, 0, 15, 16, 11, 14, 9, 1, 6, 12, 4, 1, 0, 3, 2, 4, 2, 4, 1, 2, 1, 0]",55,"[11, 5, 18, 0, 16, 18, 11, 5, 1, 10, 14, 6, 9, 7, 2, 4, 5, 6, 5, 7, 1, 0, 4, 2, 2, 1, 0]"
885,"[24, 20, 10, 5, 1, 4, 3, 10, 8, 7, 1, 10, 11, 7, 0, 0, 5, 5, 2, 1, 2, 1, 1, 2, 0, 0, 0]",85,"[24, 8, 1, 15, 20, 9, 18, 11, 4, 15, 2, 14, 6, 9, 7, 6, 10, 4, 8, 7, 5, 5, 1, 2, 2, 1, 0]",60,"[11, 4, 13, 1, 6, 21, 10, 5, 3, 5, 6, 15, 4, 10, 6, 5, 6, 0, 0, 4, 6, 4, 3, 1, 2, 1, 0]",35,"[7, 2, 5, 1, 5, 3, 0, 2, 10, 7, 13, 3, 2, 10, 4, 9, 1, 2, 3, 6, 1, 1, 4, 2, 2, 1, 0]"
605,"[23, 9, 10, 9, 11, 8, 6, 17, 6, 17, 4, 15, 0, 13, 6, 3, 7, 3, 5, 1, 6, 1, 4, 2, 0, 1, 0]",185,"[13, 16, 18, 19, 3, 0, 19, 0, 3, 8, 15, 6, 4, 8, 5, 9, 8, 3, 7, 5, 4, 3, 2, 1, 0, 1, 0]",165,"[0, 9, 0, 4, 0, 7, 12, 15, 2, 7, 16, 13, 0, 9, 3, 8, 2, 6, 4, 5, 2, 0, 4, 2, 2, 1, 0]",40,"[0, 8, 12, 0, 2, 14, 1, 3, 0, 6, 12, 4, 8, 5, 10, 4, 3, 5, 6, 2, 3, 5, 0, 1, 2, 1, 0]"
610,"[5, 20, 12, 17, 5, 8, 7, 8, 15, 6, 4, 15, 14, 2, 0, 6, 2, 0, 2, 3, 4, 0, 2, 0, 2, 0, 0]",100,"[15, 7, 22, 17, 11, 15, 3, 13, 11, 0, 16, 7, 1, 12, 3, 6, 10, 9, 6, 1, 2, 0, 1, 3, 2, 1, 0]",185,"[10, 13, 7, 14, 17, 11, 10, 14, 3, 13, 7, 15, 8, 0, 6, 3, 5, 1, 0, 2, 5, 1, 0, 3, 2, 1, 0]",60,"[2, 6, 12, 18, 10, 5, 5, 2, 15, 11, 9, 5, 6, 11, 8, 0, 2, 4, 6, 3, 4, 0, 4, 2, 2, 1, 0]"
470,"[24, 16, 12, 8, 2, 20, 18, 11, 5, 0, 11, 14, 7, 8, 7, 6, 0, 7, 4, 2, 5, 5, 4, 3, 0, 1, 0]",80,"[16, 6, 11, 8, 6, 19, 2, 12, 6, 2, 11, 8, 7, 13, 6, 8, 7, 1, 6, 7, 5, 1, 4, 3, 2, 1, 0]",70,"[23, 11, 1, 5, 12, 9, 16, 3, 0, 5, 16, 3, 4, 7, 3, 8, 0, 4, 0, 4, 6, 5, 3, 1, 2, 1, 0]",60,"[26, 4, 6, 19, 12, 6, 8, 5, 3, 8, 5, 14, 4, 7, 10, 5, 9, 6, 3, 7, 1, 3, 1, 2, 2, 1, 0]"
185,"[23, 5, 13, 10, 14, 16, 6, 9, 1, 8, 7, 10, 5, 10, 3, 1, 6, 9, 3, 0, 5, 5, 1, 2, 2, 1, 0]",300,"[12, 24, 2, 2, 15, 1, 18, 15, 12, 16, 3, 4, 2, 4, 3, 4, 9, 8, 4, 1, 5, 5, 2, 0, 1, 0, 0]",70,"[17, 8, 1, 0, 12, 15, 0, 19, 9, 7, 12, 8, 8, 5, 12, 6, 10, 0, 5, 0, 6, 4, 3, 1, 2, 1, 0]",55,"[6, 14, 22, 5, 15, 2, 9, 0, 2, 11, 8, 1, 3, 1, 11, 2, 5, 4, 1, 4, 6, 4, 2, 3, 2, 1, 0]"
485,"[15, 2, 13, 15, 16, 2, 15, 8, 0, 1, 4, 1, 0, 11, 6, 5, 2, 4, 8, 6, 1, 4, 4, 0, 2, 0, 0]",150,"[19, 6, 0, 3, 1, 6, 19, 17, 7, 10, 1, 7, 4, 6, 2, 3, 1, 5, 3, 1, 2, 2, 2, 1, 2, 1, 0]",70,"[21, 11, 6, 9, 1, 6, 19, 9, 2, 8, 1, 5, 11, 7, 4, 8, 5, 9, 6, 7, 0, 5, 3, 0, 2, 1, 0]",55,"[7, 25, 18, 7, 11, 18, 16, 1, 4, 12, 2, 6, 6, 9, 2, 6, 3, 5, 7, 4, 3, 0, 4, 2, 2, 1, 0]"
965,"[8, 17, 7, 14, 3, 10, 16, 2, 5, 9, 5, 11, 7, 13, 11, 5, 0, 5, 5, 6, 6, 5, 1, 1, 0, 0, 0]",270,"[12, 6, 3, 4, 15, 14, 4, 0, 7, 4, 3, 11, 11, 7, 1, 0, 1, 2, 0, 0, 5, 3, 1, 0, 2, 0, 0]",180,"[20, 14, 24, 16, 7, 20, 2, 18, 2, 10, 0, 9, 10, 4, 11, 7, 3, 6, 1, 3, 4, 0, 1, 2, 2, 1, 0]",50,"[4, 8, 12, 6, 2, 18, 3, 18, 8, 10, 4, 12, 8, 5, 1, 1, 4, 3, 0, 4, 1, 4, 0, 3, 2, 1, 0]"
205,"[25, 23, 12, 10, 21, 6, 0, 11, 12, 17, 10, 2, 7, 12, 5, 4, 8, 0, 8, 5, 2, 3, 2, 1, 2, 0, 0]",375,"[7, 18, 17, 7, 12, 10, 6, 9, 8, 9, 0, 6, 11, 6, 2, 1, 2, 9, 4, 5, 1, 0, 2, 1, 0, 0, 0]",180,"[17, 3, 12, 3, 5, 13, 6, 4, 16, 16, 1, 11, 6, 13, 12, 7, 1, 6, 5, 2, 1, 5, 3, 0, 2, 0, 0]",45,"[0, 19, 16, 13, 4, 6, 3, 4, 15, 2, 7, 4, 5, 7, 1, 3, 0, 4, 3, 6, 0, 4, 2, 0, 2, 1, 0]"
500,"[14, 19, 0, 4, 6, 1, 20, 19, 7, 16, 1, 7, 0, 6, 12, 0, 0, 1, 4, 2, 4, 4, 2, 0, 1, 0, 0]",185,"[7, 1, 22, 15, 16, 20, 13, 12, 8, 15, 2, 13, 10, 7, 9, 4, 6, 7, 3, 1, 4, 5, 0, 0, 2, 1, 0]",80,"[14, 25, 8, 17, 8, 5, 16, 15, 4, 7, 8, 10, 10, 8, 0, 3, 10, 6, 7, 2, 5, 0, 2, 3, 2, 1, 0]",55,"[1, 8, 12, 17, 10, 2, 5, 9, 0, 5, 9, 15, 2, 5, 7, 4, 9, 1, 5, 2, 0, 5, 3, 2, 2, 1, 0]"
595,"[0, 20, 2, 14, 9, 20, 16, 16, 2, 1, 11, 0, 13, 2, 1, 1, 1, 4, 7, 7, 0, 2, 4, 0, 2, 1, 0]",285,"[25, 11, 24, 8, 4, 20, 0, 3, 16, 12, 13, 4, 12, 8, 2, 8, 6, 9, 3, 0, 2, 4, 3, 2, 2, 0, 0]",270,"[15, 14, 18, 13, 16, 14, 2, 5, 4, 3, 1, 2, 0, 12, 7, 4, 5, 3, 4, 2, 1, 4, 1, 2, 2, 1, 0]",45,"[24, 4, 8, 3, 6, 0, 3, 1, 11, 7, 3, 0, 1, 0, 7, 8, 3, 1, 5, 7, 0, 3, 0, 1, 2, 1, 0]"
800,"[7, 17, 11, 7, 17, 12, 3, 15, 5, 3, 0, 10, 7, 8, 8, 7, 2, 2, 2, 4, 6, 0, 0, 1, 1, 0, 0]",190,"[24, 6, 3, 16, 22, 14, 9, 17, 12, 8, 6, 9, 7, 0, 8, 8, 9, 0, 5, 2, 0, 0, 2, 1, 2, 0, 0]",165,"[15, 5, 24, 1, 10, 4, 12, 10, 0, 2, 6, 12, 5, 13, 4, 8, 5, 4, 8, 5, 3, 1, 2, 0, 1, 0, 0]",55,"[1, 7, 17, 0, 6, 21, 4, 7, 2, 15, 11, 3, 5, 13, 1, 6, 2, 4, 3, 2, 6, 1, 0, 3, 2, 1, 0]"
505,"[24, 7, 23, 18, 4, 12, 18, 13, 3, 13, 5, 14, 2, 10, 9, 4, 9, 1, 4, 0, 4, 0, 0, 1, 0, 1, 0]",285,"[16, 0, 1, 20, 22, 16, 12, 1, 14, 16, 6, 5, 6, 13, 7, 7, 2, 0, 0, 5, 0, 4, 1, 3, 2, 1, 0]",180,"[0, 11, 18, 5, 16, 0, 12, 2, 9, 0, 15, 6, 14, 8, 4, 1, 9, 6, 5, 6, 3, 2, 4, 3, 0, 1, 0]",55,"[4, 7, 16, 1, 6, 18, 14, 16, 4, 10, 4, 7, 5, 10, 1, 0, 5, 6, 6, 4, 1, 2, 4, 0, 2, 1, 0]"
590,"[8, 12, 3, 0, 8, 8, 16, 18, 16, 10, 2, 0, 11, 8, 2, 1, 4, 2, 0, 6, 3, 1, 4, 3, 0, 1, 0]",370,"[7, 11, 12, 8, 10, 6, 5, 18, 10, 0, 10, 5, 4, 6, 0, 4, 4, 3, 0, 0, 1, 3, 2, 2, 2, 1, 0]",165,"[11, 8, 3, 4, 10, 16, 20, 1, 3, 2, 13, 6, 6, 11, 0, 6, 1, 3, 0, 3, 2, 4, 0, 3, 2, 0, 0]",55,"[2, 7, 22, 6, 8, 17, 19, 0, 5, 11, 2, 5, 12, 2, 6, 2, 6, 4, 2, 4, 3, 5, 2, 1, 2, 1, 0]"
600,"[7, 9, 13, 18, 15, 6, 19, 10, 2, 12, 12, 1, 14, 12, 8, 8, 8, 4, 8, 4, 0, 5, 2, 3, 1, 0, 0]",390,"[1, 25, 1, 10, 9, 11, 9, 15, 3, 12, 9, 2, 3, 9, 11, 6, 8, 7, 8, 6, 0, 2, 0, 0, 2, 1, 0]",175,"[17, 24, 7, 11, 17, 7, 14, 18, 0, 14, 11, 10, 0, 10, 4, 7, 4, 7, 5, 0, 1, 0, 2, 3, 2, 1, 0]",55,"[1, 15, 24, 7, 0, 14, 3, 5, 14, 8, 0, 14, 7, 8, 4, 5, 9, 4, 8, 4, 2, 1, 4, 3, 2, 1, 0]"
405,"[17, 10, 5, 7, 10, 21, 4, 16, 18, 16, 5, 2, 11, 7, 12, 9, 10, 8, 8, 2, 5, 5, 2, 1, 1, 0, 0]",75,"[15, 12, 8, 4, 14, 9, 4, 2, 10, 4, 6, 8, 5, 13, 8, 0, 7, 6, 4, 5, 3, 4, 2, 0, 2, 1, 0]",80,"[2, 24, 14, 0, 13, 4, 0, 13, 12, 17, 3, 9, 1, 11, 2, 0, 2, 1, 0, 6, 4, 0, 3, 1, 2, 1, 0]",60,"[1, 5, 16, 3, 8, 19, 3, 15, 1, 15, 5, 1, 8, 6, 1, 5, 7, 2, 4, 3, 5, 4, 3, 0, 2, 1, 0]"
590,"[24, 1, 17, 4, 18, 17, 15, 12, 11, 11, 5, 6, 0, 1, 6, 5, 7, 6, 6, 1, 3, 3, 0, 1, 2, 0, 0]",90,"[6, 1, 20, 19, 4, 17, 11, 15, 13, 5, 16, 7, 13, 1, 10, 0, 4, 2, 3, 2, 5, 2, 0, 3, 2, 1, 0]",65,"[20, 9, 22, 1, 10, 7, 1, 6, 4, 17, 13, 8, 9, 3, 5, 3, 8, 6, 3, 1, 0, 4, 0, 2, 2, 1, 0]",45,"[6, 18, 5, 22, 5, 4, 4, 10, 1, 7, 10, 11, 0, 7, 6, 0, 3, 5, 7, 2, 4, 3, 2, 0, 2, 1, 0]"
985,"[5, 25, 11, 5, 0, 1, 19, 15, 1, 14, 8, 15, 9, 9, 10, 1, 3, 9, 4, 5, 4, 5, 0, 3, 1, 0, 0]",90,"[8, 17, 20, 19, 7, 11, 13, 1, 11, 0, 16, 14, 8, 9, 0, 4, 10, 8, 6, 7, 1, 2, 3, 1, 2, 1, 0]",55,"[2, 16, 8, 6, 7, 0, 8, 1, 11, 4, 7, 8, 9, 5, 8, 11, 3, 4, 3, 7, 2, 5, 4, 0, 2, 1, 0]",50,"[4, 10, 1, 5, 0, 15, 13, 0, 7, 10, 2, 7, 6, 12, 3, 3, 4, 0, 4, 7, 3, 5, 3, 1, 2, 1, 0]"
580,"[2, 22, 3, 10, 14, 8, 10, 10, 0, 5, 13, 1, 2, 8, 7, 5, 10, 5, 3, 6, 5, 1, 3, 0, 1, 1, 0]",375,"[22, 22, 4, 20, 3, 7, 7, 7, 4, 12, 4, 1, 3, 13, 9, 9, 6, 3, 1, 6, 4, 5, 4, 2, 1, 0, 0]",65,"[17, 3, 10, 2, 14, 6, 1, 2, 16, 11, 0, 4, 13, 4, 7, 0, 7, 3, 6, 7, 1, 5, 3, 2, 2, 1, 0]",70,"[22, 24, 0, 9, 0, 5, 15, 3, 7, 8, 9, 14, 3, 11, 7, 2, 6, 4, 4, 6, 5, 2, 4, 0, 2, 1, 0]"
590,"[10, 9, 18, 11, 7, 14, 5, 2, 13, 17, 6, 15, 9, 8, 12, 3, 5, 2, 3, 7, 1, 5, 3, 2, 1, 1, 0]",105,"[15, 20, 12, 7, 16, 20, 18, 11, 17, 16, 4, 0, 3, 0, 11, 2, 7, 1, 6, 5, 4, 0, 1, 2, 2, 1, 0]",85,"[0, 12, 19, 3, 17, 14, 9, 4, 18, 11, 13, 6, 11, 10, 6, 10, 8, 6, 1, 5, 2, 0, 1, 3, 2, 1, 0]",50,"[5, 0, 24, 1, 6, 18, 18, 19, 3, 1, 3, 12, 2, 9, 7, 6, 4, 2, 8, 2, 0, 2, 4, 0, 2, 1, 0]"
515,"[18, 17, 21, 17, 2, 9, 3, 11, 16, 4, 5, 6, 10, 12, 8, 1, 9, 2, 1, 0, 3, 0, 4, 2, 0, 1, 0]",295,"[20, 22, 17, 11, 20, 17, 9, 11, 7, 12, 1, 4, 6, 9, 8, 8, 6, 9, 7, 3, 6, 0, 4, 0, 0, 1, 0]",190,"[22, 13, 17, 10, 12, 5, 4, 18, 15, 7, 2, 5, 12, 6, 6, 2, 8, 7, 6, 3, 4, 5, 3, 0, 2, 1, 0]",45,"[7, 22, 4, 20, 15, 3, 7, 1, 5, 5, 8, 3, 1, 4, 3, 2, 0, 3, 6, 4, 0, 2, 4, 0, 2, 1, 0]"
1300,"[0, 13, 0, 19, 19, 2, 12, 11, 12, 0, 0, 2, 7, 4, 5, 5, 6, 8, 1, 1, 1, 0, 0, 2, 0, 0, 0]",185,"[18, 10, 15, 10, 18, 10, 16, 0, 4, 11, 7, 10, 1, 12, 2, 7, 4, 1, 5, 7, 4, 0, 3, 1, 2, 1, 0]",175,"[25, 8, 3, 10, 19, 1, 0, 11, 18, 10, 6, 0, 8, 13, 4, 2, 10, 1, 6, 4, 1, 5, 2, 1, 1, 1, 0]",60,"[3, 23, 1, 13, 22, 3, 17, 3, 13, 11, 7, 8, 0, 3, 7, 4, 1, 2, 3, 2, 1, 3, 4, 2, 2, 1, 0]"
480,"[7, 24, 18, 6, 0, 21, 10, 1, 11, 3, 0, 3, 6, 6, 5, 0, 9, 7, 5, 4, 1, 5, 3, 1, 2, 1, 0]",285,"[20, 17, 23, 18, 9, 8, 5, 10, 6, 2, 5, 10, 0, 3, 4, 4, 5, 8, 0, 0, 1, 0, 3, 0, 2, 1, 0]",75,"[2, 10, 3, 5, 16, 11, 16, 13, 5, 7, 13, 11, 5, 11, 7, 2, 7, 8, 2, 6, 1, 1, 4, 2, 2, 1, 0]",55,"[20, 5, 13, 0, 15, 3, 3, 0, 11, 4, 11, 3, 0, 5, 7, 9, 4, 2, 7, 4, 2, 4, 1, 2, 2, 1, 0]"
780,"[12, 17, 20, 9, 6, 11, 10, 1, 5, 8, 9, 7, 5, 11, 4, 6, 6, 4, 0, 0, 4, 1, 4, 2, 1, 1, 0]",200,"[23, 19, 6, 4, 16, 8, 12, 9, 17, 9, 16, 13, 4, 6, 7, 9, 10, 5, 1, 7, 3, 5, 1, 3, 0, 1, 0]",150,"[15, 8, 1, 6, 0, 9, 11, 3, 13, 5, 9, 2, 6, 6, 1, 9, 2, 4, 8, 3, 1, 1, 2, 3, 2, 1, 0]",50,"[9, 0, 7, 23, 1, 2, 8, 0, 13, 6, 2, 9, 10, 6, 5, 1, 3, 5, 0, 1, 2, 4, 0, 2, 2, 1, 0]"
800,"[9, 21, 23, 15, 12, 10, 13, 19, 4, 11, 7, 7, 4, 4, 0, 6, 5, 4, 1, 4, 2, 2, 2, 2, 0, 1, 0]",185,"[19, 0, 21, 15, 21, 17, 18, 12, 9, 13, 7, 4, 6, 8, 2, 5, 0, 6, 2, 1, 4, 3, 0, 1, 0, 1, 0]",165,"[20, 2, 16, 7, 22, 3, 1, 3, 8, 6, 15, 2, 4, 1, 2, 11, 4, 1, 0, 5, 3, 5, 2, 3, 2, 0, 0]",45,"[2, 8, 19, 9, 1, 4, 9, 0, 4, 9, 16, 2, 7, 2, 4, 2, 4, 8, 2, 6, 1, 1, 4, 3, 2, 1, 0]"
595,"[15, 0, 22, 4, 13, 9, 17, 2, 18, 17, 1, 0, 13, 13, 4, 6, 8, 2, 0, 7, 4, 4, 3, 2, 0, 0, 0]",590,"[24, 6, 6, 11, 6, 4, 20, 10, 11, 1, 16, 0, 4, 7, 1, 2, 8, 3, 1, 2, 6, 4, 0, 1, 0, 0, 0]",80,"[4, 24, 20, 23, 19, 10, 5, 14, 10, 0, 11, 8, 13, 9, 3, 6, 2, 5, 2, 4, 1, 1, 3, 0, 2, 1, 0]",50,"[5, 19, 8, 21, 4, 1, 1, 12, 7, 4, 9, 14, 5, 4, 8, 3, 1, 5, 8, 3, 5, 4, 2, 0, 2, 1, 0]"
485,"[26, 4, 1, 14, 15, 3, 9, 12, 1, 9, 0, 12, 9, 8, 7, 9, 1, 2, 4, 1, 6, 5, 0, 1, 1, 1, 0]",585,"[13, 2, 24, 14, 14, 1, 13, 5, 15, 3, 4, 3, 0, 2, 4, 3, 9, 4, 3, 7, 0, 1, 0, 2, 0, 0, 0]",170,"[2, 21, 3, 16, 0, 19, 11, 17, 12, 10, 7, 3, 8, 6, 1, 9, 4, 6, 0, 1, 3, 2, 0, 1, 2, 1, 0]",45,"[1, 19, 5, 19, 2, 6, 12, 6, 0, 6, 1, 2, 2, 6, 0, 4, 3, 1, 6, 4, 2, 5, 3, 0, 2, 1, 0]"
280,"[0, 3, 7, 22, 7, 0, 0, 11, 18, 5, 2, 14, 14, 4, 9, 11, 7, 5, 6, 2, 5, 2, 0, 1, 1, 0, 0]",690,"[10, 20, 17, 9, 7, 16, 4, 12, 4, 17, 7, 14, 9, 13, 3, 6, 8, 4, 8, 1, 0, 5, 0, 0, 0, 0, 0]",70,"[1, 14, 8, 19, 2, 0, 1, 11, 16, 7, 11, 9, 13, 7, 4, 11, 8, 6, 6, 2, 1, 5, 1, 2, 2, 1, 0]",60,"[0, 8, 18, 13, 16, 6, 0, 5, 14, 11, 2, 4, 7, 1, 12, 4, 3, 1, 5, 2, 3, 4, 1, 2, 2, 1, 0]"
410,"[11, 12, 23, 10, 16, 7, 14, 17, 7, 11, 8, 15, 5, 1, 4, 9, 0, 0, 6, 0, 6, 2, 1, 0, 2, 1, 0]",175,"[19, 10, 14, 6, 9, 17, 5, 7, 18, 8, 6, 11, 11, 6, 7, 8, 6, 0, 6, 3, 5, 0, 3, 2, 0, 1, 0]",70,"[26, 17, 22, 3, 22, 17, 16, 5, 3, 6, 9, 2, 12, 5, 9, 8, 5, 6, 5, 4, 0, 0, 1, 2, 2, 1, 0]",55,"[2, 4, 18, 6, 22, 1, 12, 3, 9, 8, 6, 1, 5, 13, 3, 3, 5, 9, 8, 6, 2, 3, 2, 0, 2, 1, 0]"
705,"[16, 22, 8, 20, 8, 21, 13, 12, 14, 14, 14, 8, 1, 3, 7, 5, 5, 1, 6, 7, 2, 0, 4, 3, 1, 0, 0]",195,"[24, 17, 11, 21, 4, 2, 19, 17, 16, 15, 13, 7, 0, 2, 8, 7, 10, 2, 4, 3, 1, 5, 2, 3, 2, 0, 0]",55,"[8, 2, 4, 9, 16, 12, 5, 18, 15, 5, 11, 8, 13, 6, 8, 3, 5, 6, 1, 2, 3, 2, 0, 3, 2, 1, 0]",55,"[0, 6, 11, 21, 6, 4, 12, 1, 15, 4, 9, 2, 7, 3, 2, 1, 9, 2, 8, 5, 3, 5, 2, 0, 2, 1, 0]"
490,"[8, 16, 21, 9, 2, 9, 7, 7, 1, 14, 13, 5, 6, 2, 4, 7, 0, 7, 8, 4, 1, 4, 1, 2, 2, 1, 0]",165,"[7, 0, 24, 21, 4, 0, 9, 0, 18, 5, 1, 7, 12, 4, 9, 7, 3, 4, 5, 2, 4, 3, 4, 0, 0, 1, 0]",90,"[14, 22, 3, 5, 22, 11, 8, 17, 11, 1, 11, 5, 5, 12, 0, 9, 2, 4, 6, 1, 0, 1, 4, 3, 2, 1, 0]",75,"[22, 3, 15, 4, 0, 5, 20, 7, 11, 4, 9, 5, 13, 9, 0, 8, 3, 4, 2, 6, 5, 5, 3, 2, 2, 1, 0]"
675,"[24, 6, 7, 0, 19, 20, 7, 16, 5, 15, 8, 8, 11, 5, 6, 7, 6, 4, 7, 3, 5, 2, 1, 1, 1, 0, 0]",190,"[26, 3, 2, 7, 19, 10, 1, 12, 12, 15, 1, 0, 1, 7, 9, 10, 8, 6, 4, 2, 5, 2, 4, 1, 2, 1, 0]",75,"[24, 0, 12, 1, 16, 3, 0, 9, 2, 12, 3, 7, 12, 3, 8, 10, 6, 9, 5, 3, 1, 1, 4, 2, 2, 1, 0]",35,"[8, 25, 3, 3, 2, 15, 4, 0, 2, 1, 4, 6, 8, 2, 4, 0, 1, 4, 7, 4, 2, 0, 4, 2, 2, 1, 0]"
875,"[3, 22, 6, 22, 6, 5, 4, 3, 12, 15, 16, 10, 12, 3, 8, 7, 7, 6, 3, 2, 3, 1, 3, 0, 0, 0, 0]",290,"[16, 14, 8, 19, 1, 4, 7, 17, 9, 4, 1, 2, 3, 6, 8, 0, 7, 0, 1, 2, 5, 4, 2, 3, 2, 0, 0]",75,"[8, 1, 20, 12, 15, 16, 12, 5, 1, 6, 15, 4, 4, 12, 6, 4, 8, 1, 7, 3, 6, 0, 2, 3, 2, 1, 0]",50,"[9, 8, 5, 8, 3, 1, 4, 2, 12, 3, 9, 12, 9, 7, 5, 4, 9, 5, 8, 0, 5, 2, 4, 0, 2, 1, 0]"
800,"[5, 13, 0, 17, 20, 16, 14, 8, 9, 16, 8, 9, 8, 2, 11, 5, 3, 3, 8, 4, 2, 1, 3, 3, 2, 1, 0]",190,"[5, 9, 20, 2, 9, 19, 6, 7, 13, 13, 7, 15, 11, 13, 9, 8, 7, 1, 8, 5, 4, 4, 3, 2, 0, 1, 0]",175,"[22, 3, 19, 3, 13, 15, 10, 3, 13, 3, 13, 13, 7, 8, 4, 6, 4, 1, 1, 7, 5, 5, 4, 3, 2, 1, 0]",75,"[19, 22, 24, 3, 7, 11, 6, 15, 11, 9, 11, 13, 6, 1, 11, 8, 5, 6, 7, 2, 1, 4, 1, 2, 2, 1, 0]"
495,"[25, 19, 15, 0, 18, 5, 15, 19, 4, 12, 4, 3, 1, 11, 3, 8, 6, 4, 6, 1, 2, 1, 1, 1, 2, 0, 0]",375,"[2, 7, 17, 16, 14, 15, 2, 2, 18, 6, 3, 5, 2, 8, 9, 4, 9, 0, 7, 3, 2, 4, 2, 3, 2, 0, 0]",80,"[8, 13, 24, 6, 13, 18, 13, 8, 5, 7, 8, 14, 10, 4, 2, 5, 6, 8, 2, 7, 0, 5, 0, 2, 2, 1, 0]",55,"[6, 2, 5, 23, 0, 3, 16, 11, 8, 16, 4, 7, 4, 13, 7, 4, 5, 0, 0, 4, 2, 5, 0, 3, 2, 1, 0]"
580,"[11, 13, 11, 11, 6, 4, 0, 16, 14, 16, 2, 9, 8, 9, 6, 7, 3, 4, 7, 2, 3, 1, 0, 2, 0, 1, 0]",60,"[1, 3, 14, 7, 19, 5, 15, 1, 5, 12, 14, 4, 8, 4, 1, 6, 4, 1, 6, 5, 0, 1, 4, 0, 2, 1, 0]",90,"[15, 7, 23, 22, 20, 5, 13, 18, 15, 12, 16, 4, 12, 11, 7, 1, 9, 6, 1, 7, 2, 5, 2, 0, 2, 1, 0]",45,"[1, 8, 5, 7, 21, 5, 1, 10, 2, 11, 2, 5, 10, 4, 2, 3, 4, 2, 7, 0, 5, 3, 1, 0, 2, 1, 0]"
695,"[22, 1, 17, 12, 22, 21, 2, 2, 11, 16, 0, 7, 2, 6, 11, 5, 4, 2, 0, 4, 3, 5, 2, 3, 0, 0, 0]",185,"[0, 10, 15, 17, 11, 3, 0, 14, 2, 9, 0, 2, 0, 9, 12, 6, 9, 5, 5, 4, 2, 3, 1, 2, 1, 0, 0]",155,"[25, 5, 1, 18, 6, 0, 0, 19, 4, 5, 11, 14, 0, 6, 4, 10, 5, 2, 7, 6, 1, 5, 4, 2, 0, 1, 0]",55,"[22, 8, 11, 7, 4, 19, 0, 5, 12, 2, 6, 14, 4, 8, 6, 7, 3, 5, 7, 0, 5, 5, 3, 2, 2, 1, 0]"
695,"[14, 17, 1, 1, 4, 0, 13, 12, 13, 12, 4, 10, 2, 4, 11, 11, 8, 3, 7, 0, 2, 1, 2, 1, 0, 1, 0]",180,"[15, 22, 3, 2, 19, 17, 11, 3, 14, 5, 6, 0, 6, 4, 3, 9, 0, 3, 3, 2, 4, 3, 1, 2, 2, 0, 0]",175,"[0, 3, 23, 20, 18, 3, 8, 10, 3, 7, 16, 6, 5, 10, 8, 5, 3, 2, 0, 0, 3, 0, 3, 2, 2, 1, 0]",40,"[23, 6, 0, 9, 6, 2, 2, 0, 10, 3, 5, 9, 9, 4, 6, 3, 1, 0, 8, 1, 3, 4, 1, 2, 2, 1, 0]"
590,"[21, 20, 14, 12, 18, 18, 3, 7, 3, 13, 1, 12, 10, 3, 10, 2, 0, 4, 0, 2, 6, 3, 0, 2, 2, 0, 0]",95,"[5, 11, 2, 9, 19, 8, 12, 13, 8, 15, 3, 8, 1, 10, 4, 4, 9, 0, 3, 0, 1, 4, 3, 2, 2, 1, 0]",180,"[2, 24, 4, 21, 13, 17, 1, 16, 18, 2, 13, 3, 3, 5, 6, 4, 10, 3, 3, 7, 6, 5, 0, 1, 2, 1, 0]",40,"[2, 8, 13, 1, 19, 4, 4, 13, 0, 0, 7, 10, 2, 5, 7, 2, 9, 4, 5, 0, 4, 2, 4, 1, 2, 1, 0]"
695,"[2, 24, 13, 1, 14, 1, 0, 10, 12, 6, 16, 2, 4, 11, 3, 2, 10, 2, 4, 6, 6, 5, 3, 3, 2, 0, 0]",70,"[14, 11, 5, 23, 3, 17, 19, 18, 13, 11, 8, 3, 8, 9, 0, 6, 5, 4, 5, 3, 1, 0, 3, 2, 2, 1, 0]",200,"[11, 12, 20, 22, 16, 20, 2, 8, 18, 16, 11, 2, 7, 5, 3, 6, 10, 2, 8, 7, 2, 3, 1, 2, 1, 0, 0]",55,"[7, 3, 18, 11, 6, 20, 0, 5, 7, 2, 7, 10, 14, 7, 2, 1, 2, 4, 7, 3, 6, 1, 4, 2, 2, 1, 0]"
700,"[16, 4, 10, 15, 19, 12, 12, 6, 12, 9, 16, 8, 3, 13, 9, 11, 4, 1, 5, 5, 2, 4, 4, 2, 1, 0, 0]",175,"[1, 0, 11, 9, 20, 12, 5, 3, 10, 11, 14, 8, 5, 0, 2, 5, 9, 2, 7, 5, 6, 2, 3, 1, 2, 1, 0]",85,"[20, 24, 22, 14, 7, 5, 8, 15, 12, 17, 0, 12, 5, 9, 7, 1, 7, 2, 7, 4, 0, 5, 3, 2, 2, 1, 0]",45,"[8, 3, 18, 6, 0, 20, 15, 2, 18, 6, 11, 8, 6, 1, 5, 4, 6, 3, 4, 7, 5, 4, 1, 0, 2, 1, 0]"
570,"[9, 0, 2, 3, 19, 15, 10, 2, 3, 13, 16, 6, 8, 6, 8, 1, 6, 6, 7, 4, 5, 3, 4, 3, 0, 1, 0]",705,"[8, 8, 9, 15, 15, 17, 11, 13, 16, 13, 14, 11, 11, 2, 4, 0, 2, 1, 8, 5, 3, 2, 4, 0, 0, 0, 0]",170,"[25, 0, 22, 2, 6, 21, 13, 7, 5, 0, 16, 12, 2, 9, 4, 3, 7, 6, 1, 5, 0, 5, 3, 0, 2, 0, 0]",55,"[8, 0, 22, 13, 4, 21, 7, 5, 1, 1, 0, 8, 3, 1, 6, 1, 6, 3, 1, 0, 2, 5, 3, 0, 2, 1, 0]"
605,"[13, 7, 7, 20, 18, 17, 11, 17, 8, 9, 2, 5, 11, 13, 12, 10, 8, 6, 6, 2, 6, 2, 4, 0, 2, 0, 0]",285,"[13, 15, 24, 6, 4, 11, 4, 2, 11, 6, 12, 6, 11, 11, 10, 1, 2, 7, 3, 7, 2, 5, 4, 3, 2, 1, 0]",175,"[14, 5, 18, 23, 11, 6, 10, 16, 6, 2, 7, 11, 6, 7, 9, 6, 2, 8, 3, 1, 5, 0, 1, 2, 2, 1, 0]",45,"[23, 11, 3, 19, 7, 3, 0, 17, 4, 6, 5, 11, 2, 7, 6, 3, 0, 5, 3, 0, 6, 5, 3, 1, 2, 1, 0]"
915,"[22, 20, 24, 20, 21, 2, 4, 17, 15, 4, 13, 6, 4, 1, 1, 1, 1, 8, 4, 4, 3, 1, 4, 0, 0, 1, 0]",465,"[2, 8, 5, 0, 5, 3, 0, 5, 9, 13, 11, 15, 2, 0, 1, 6, 4, 1, 5, 2, 3, 1, 0, 0, 0, 0, 0]",155,"[15, 7, 2, 7, 3, 0, 5, 4, 8, 1, 10, 5, 13, 3, 0, 0, 3, 2, 5, 3, 3, 2, 1, 3, 2, 1, 0]",45,"[23, 0, 15, 16, 5, 4, 20, 5, 1, 7, 11, 6, 6, 0, 5, 5, 4, 1, 6, 1, 3, 5, 0, 1, 2, 1, 0]"
475,"[25, 8, 4, 10, 5, 6, 2, 9, 5, 17, 0, 9, 4, 13, 2, 4, 6, 5, 6, 5, 3, 5, 1, 1, 1, 0, 0]",390,"[9, 4, 9, 18, 11, 9, 0, 6, 9, 4, 3, 1, 12, 4, 9, 7, 5, 6, 6, 4, 3, 2, 3, 0, 2, 0, 0]",185,"[9, 16, 7, 17, 2, 18, 3, 8, 12, 12, 5, 0, 3, 10, 4, 6, 9, 5, 3, 0, 5, 2, 0, 3, 2, 1, 0]",45,"[15, 2, 7, 18, 8, 0, 1, 5, 14, 8, 16, 4, 6, 1, 7, 4, 5, 3, 7, 4, 2, 2, 3, 0, 2, 1, 0]"
685,"[4, 12, 16, 17, 14, 1, 13, 5, 14, 11, 14, 7, 12, 0, 11, 5, 7, 1, 7, 6, 6, 3, 3, 2, 1, 1, 0]",390,"[17, 17, 9, 17, 5, 8, 15, 16, 13, 4, 15, 12, 5, 7, 8, 7, 2, 3, 0, 0, 3, 5, 2, 3, 2, 0, 0]",75,"[2, 10, 7, 18, 3, 13, 8, 14, 11, 9, 16, 2, 7, 2, 5, 5, 1, 7, 1, 7, 0, 4, 2, 0, 2, 1, 0]",50,"[21, 2, 15, 0, 11, 6, 3, 6, 4, 9, 5, 7, 12, 3, 9, 5, 3, 4, 5, 1, 3, 0, 4, 2, 2, 1, 0]"
410,"[23, 2, 22, 21, 11, 10, 12, 8, 14, 9, 13, 6, 1, 11, 4, 11, 2, 3, 2, 0, 1, 4, 2, 0, 1, 1, 0]",185,"[9, 8, 12, 11, 15, 21, 13, 7, 15, 7, 11, 15, 13, 8, 4, 5, 6, 4, 0, 4, 3, 5, 2, 0, 1, 1, 0]",60,"[8, 19, 5, 8, 5, 4, 19, 10, 4, 15, 11, 8, 4, 0, 9, 1, 4, 3, 7, 5, 1, 0, 2, 1, 2, 1, 0]",40,"[5, 7, 2, 4, 6, 0, 3, 9, 1, 16, 12, 6, 12, 6, 5, 2, 5, 4, 8, 0, 3, 4, 3, 0, 2, 1, 0]"
605,"[10, 7, 21, 20, 8, 4, 16, 5, 3, 2, 12, 2, 13, 12, 0, 5, 0, 4, 5, 0, 5, 1, 3, 3, 1, 1, 0]",285,"[8, 17, 10, 17, 12, 0, 6, 12, 17, 7, 10, 9, 10, 12, 12, 9, 2, 6, 0, 7, 6, 0, 3, 1, 2, 0, 0]",170,"[21, 14, 6, 21, 7, 20, 1, 19, 2, 15, 10, 3, 12, 9, 8, 6, 7, 8, 5, 6, 2, 0, 1, 2, 2, 1, 0]",65,"[26, 20, 23, 1, 4, 6, 10, 16, 0, 5, 4, 10, 6, 4, 8, 6, 0, 8, 3, 0, 5, 0, 4, 3, 2, 1, 0]"
585,"[10, 6, 8, 8, 3, 19, 9, 14, 17, 11, 7, 6, 6, 12, 0, 6, 9, 6, 7, 4, 4, 1, 4, 1, 1, 1, 0]",170,"[4, 6, 2, 5, 20, 2, 7, 11, 3, 6, 10, 10, 8, 12, 1, 0, 10, 3, 1, 7, 6, 0, 2, 3, 2, 1, 0]",65,"[1, 7, 17, 1, 17, 19, 4, 11, 1, 4, 8, 15, 2, 7, 12, 10, 3, 6, 4, 7, 6, 0, 4, 2, 2, 1, 0]",55,"[1, 8, 16, 5, 3, 18, 19, 4, 2, 3, 12, 1, 7, 0, 3, 10, 4, 5, 0, 3, 6, 1, 3, 0, 2, 1, 0]"
